--- stroke 1  t=3568  guess=（没到识别那一步）
1011.00,833.00
1011.00,833.00
1011.00,833.00
1011.00,833.00
1011.00,833.00
1011.00,833.00
1011.00,833.00
1011.00,833.00
1011.00,833.00
1011.00,833.00
1011.00,833.00
1011.00,833.00
1011.00,834.00
1012.00,834.00
1012.00,835.00
1013.00,836.00
1014.00,837.00
1015.00,838.00
1016.00,839.00
1017.00,840.00
1018.00,841.00
1019.00,843.00
1020.00,844.00
1021.00,845.00
1022.00,847.00
1023.00,848.00
1024.00,850.00
1025.00,851.00
1027.00,853.00
1028.00,855.00
1029.00,857.00
1031.00,859.00
1032.00,861.00
1034.00,863.00
1036.00,866.00
1038.00,868.00
1039.00,870.00
1041.00,872.00
1043.00,875.00
1045.00,877.00
1047.00,879.00
1049.00,882.00
1051.00,884.00
1053.00,886.00
1055.00,889.00
1057.00,891.00
1059.00,894.00
1061.00,897.00
1062.00,899.00
1064.00,902.00
1065.00,905.00
1067.00,907.00
1068.00,910.00
1069.00,912.00
1071.00,915.00
1072.00,917.00
1074.00,920.00
1076.00,922.00
1077.00,925.00
1079.00,927.00
1081.00,930.00
1082.00,933.00
1084.00,935.00
1086.00,938.00
1088.00,941.00
1089.00,943.00
1091.00,946.00
1092.00,949.00
1094.00,951.00
1095.00,954.00
1096.00,956.00
1098.00,959.00
1099.00,962.00
1100.00,964.00
1101.00,967.00
1102.00,969.00
1103.00,972.00
1103.00,974.00
1104.00,976.00
1105.00,979.00
1106.00,981.00
1107.00,984.00
1107.00,987.00
1108.00,989.00
1109.00,992.00
1109.00,995.00
1110.00,998.00
1110.00,1001.00
1110.00,1004.00
1110.00,1007.00
1111.00,1011.00
1111.00,1014.00
1111.00,1017.00
1111.00,1021.00
1111.00,1024.00
1111.00,1027.00
1111.00,1030.00
1111.00,1034.00
1111.00,1037.00
1111.00,1040.00
1110.00,1043.00
1110.00,1045.00
1110.00,1048.00
1109.00,1051.00
1109.00,1054.00
1108.00,1057.00
1108.00,1060.00
1107.00,1064.00
1107.00,1067.00
1106.00,1070.00
1105.00,1073.00
1104.00,1077.00
1103.00,1080.00
1103.00,1083.00
1101.00,1086.00
1100.00,1090.00
1100.00,1093.00
1098.00,1097.00
1097.00,1101.00
1096.00,1105.00
1094.00,1109.00
1093.00,1113.00
1091.00,1118.00
1089.00,1122.00
1087.00,1126.00
1085.00,1131.00
1083.00,1135.00
1082.00,1139.00
1080.00,1143.00
1078.00,1147.00
1076.00,1151.00
1074.00,1155.00
1071.00,1159.00
1069.00,1163.00
1067.00,1167.00
1064.00,1171.00
1062.00,1176.00
1059.00,1181.00
1056.00,1186.00
1053.00,1192.00
1050.00,1198.00
1046.00,1204.00
1043.00,1210.00
1040.00,1215.00
1037.00,1221.00
1034.00,1226.00
1031.00,1231.00
1028.00,1237.00
1025.00,1242.00
1022.00,1247.00
1020.00,1251.00
1017.00,1256.00
1013.00,1261.00
1010.00,1266.00
1007.00,1270.00
1004.00,1275.00
1001.00,1279.00
999.00,1283.00
997.00,1286.00
995.00,1289.00
994.00,1292.00
993.00,1294.00
992.00,1296.00
991.00,1297.00
991.00,1299.00
990.00,1300.00
990.00,1301.00
990.00,1302.00
990.00,1302.00
990.00,1302.00
991.00,1302.00
992.00,1301.00
992.00,1300.00
--- stroke 2  t=5151  guess=（没到识别那一步）
1339.00,793.00
1339.00,793.00
1339.00,792.00
1339.00,792.00
1339.00,792.00
1339.00,792.00
1338.00,792.00
1337.00,792.00
1336.00,793.00
1335.00,793.00
1334.00,795.00
1332.00,796.00
1331.00,798.00
1329.00,800.00
1327.00,802.00
1325.00,804.00
1324.00,807.00
1322.00,810.00
1319.00,813.00
1317.00,816.00
1315.00,819.00
1313.00,823.00
1311.00,826.00
1310.00,829.00
1308.00,833.00
1306.00,836.00
1304.00,839.00
1302.00,842.00
1300.00,846.00
1298.00,849.00
1297.00,852.00
1295.00,855.00
1293.00,859.00
1291.00,862.00
1290.00,865.00
1288.00,869.00
1286.00,872.00
1284.00,876.00
1282.00,880.00
1280.00,883.00
1279.00,887.00
1277.00,891.00
1275.00,895.00
1273.00,899.00
1271.00,903.00
1269.00,907.00
1267.00,911.00
1265.00,915.00
1263.00,919.00
1262.00,924.00
1260.00,929.00
1259.00,934.00
1257.00,938.00
1256.00,943.00
1254.00,948.00
1253.00,952.00
1252.00,957.00
1251.00,961.00
1250.00,965.00
1249.00,968.00
1248.00,972.00
1247.00,976.00
1247.00,979.00
1246.00,983.00
1246.00,987.00
1245.00,990.00
1245.00,994.00
1244.00,997.00
1244.00,1001.00
1244.00,1005.00
1244.00,1009.00
1244.00,1014.00
1243.00,1018.00
1243.00,1022.00
1243.00,1026.00
1243.00,1030.00
1243.00,1034.00
1243.00,1038.00
1243.00,1042.00
1243.00,1045.00
1243.00,1049.00
1243.00,1052.00
1243.00,1056.00
1243.00,1059.00
1243.00,1063.00
1243.00,1066.00
1243.00,1070.00
1244.00,1074.00
1244.00,1078.00
1245.00,1082.00
1245.00,1086.00
1246.00,1091.00
1247.00,1095.00
1247.00,1100.00
1248.00,1105.00
1249.00,1109.00
1250.00,1114.00
1251.00,1118.00
1252.00,1123.00
1253.00,1127.00
1255.00,1131.00
1256.00,1134.00
1258.00,1138.00
1259.00,1142.00
1261.00,1146.00
1263.00,1150.00
1265.00,1154.00
1267.00,1158.00
1270.00,1162.00
1272.00,1167.00
1275.00,1171.00
1277.00,1176.00
1280.00,1181.00
1283.00,1185.00
1286.00,1190.00
1289.00,1196.00
1292.00,1201.00
1295.00,1206.00
1299.00,1211.00
1303.00,1216.00
1307.00,1220.00
1311.00,1225.00
1315.00,1230.00
1320.00,1234.00
1325.00,1239.00
1329.00,1245.00
1334.00,1250.00
1339.00,1256.00
1344.00,1262.00
1349.00,1269.00
1354.00,1275.00
1359.00,1281.00
1363.00,1287.00
1367.00,1293.00
1371.00,1298.00
1375.00,1303.00
1378.00,1307.00
1382.00,1311.00
1385.00,1314.00
1389.00,1318.00
1392.00,1321.00
1395.00,1324.00
1398.00,1327.00
1401.00,1330.00
1404.00,1332.00
1406.00,1335.00
1408.00,1337.00
1410.00,1339.00
1411.00,1340.00
1412.00,1341.00
1413.00,1342.00
1413.00,1343.00
1413.00,1343.00
1413.00,1343.00
1413.00,1343.00
1413.00,1343.00
1413.00,1343.00
1413.00,1343.00
1413.00,1343.00
1413.00,1342.00
1412.00,1340.00
1412.00,1338.00
1411.00,1335.00
1411.00,1332.00
1409.00,1329.00
1408.00,1326.00
1406.00,1322.00
--- stroke 3  t=7267  guess=（没到识别那一步）
1672.00,839.00
1672.00,839.00
1671.00,838.00
1671.00,838.00
1671.00,838.00
1671.00,838.00
1671.00,838.00
1671.00,838.00
1671.00,838.00
1671.00,838.00
1672.00,838.00
1672.00,838.00
1673.00,838.00
1674.00,839.00
1676.00,839.00
1677.00,840.00
1679.00,842.00
1681.00,843.00
1683.00,845.00
1685.00,847.00
1687.00,849.00
1690.00,851.00
1692.00,854.00
1695.00,856.00
1698.00,859.00
1701.00,861.00
1704.00,864.00
1707.00,866.00
1710.00,869.00
1713.00,871.00
1716.00,874.00
1718.00,876.00
1721.00,879.00
1724.00,881.00
1726.00,884.00
1729.00,887.00
1731.00,890.00
1733.00,893.00
1736.00,896.00
1738.00,899.00
1740.00,903.00
1742.00,906.00
1744.00,910.00
1745.00,913.00
1747.00,917.00
1749.00,920.00
1750.00,924.00
1752.00,927.00
1754.00,930.00
1755.00,933.00
1757.00,936.00
1758.00,939.00
1760.00,942.00
1761.00,945.00
1762.00,948.00
1763.00,951.00
1764.00,954.00
1765.00,957.00
1766.00,960.00
1766.00,963.00
1767.00,967.00
1768.00,971.00
1769.00,974.00
1769.00,979.00
1770.00,983.00
1770.00,988.00
1770.00,992.00
1770.00,997.00
1770.00,1002.00
1770.00,1007.00
1770.00,1012.00
1771.00,1016.00
1771.00,1021.00
1771.00,1025.00
1771.00,1029.00
1771.00,1033.00
1771.00,1037.00
1772.00,1041.00
1772.00,1045.00
1772.00,1049.00
1771.00,1052.00
1771.00,1057.00
1771.00,1061.00
1770.00,1065.00
1769.00,1070.00
1769.00,1074.00
1768.00,1078.00
1766.00,1083.00
1765.00,1087.00
1764.00,1091.00
1763.00,1096.00
1761.00,1100.00
1760.00,1104.00
1758.00,1109.00
1757.00,1113.00
1755.00,1118.00
1753.00,1122.00
1750.00,1127.00
1748.00,1132.00
1746.00,1136.00
1743.00,1141.00
1741.00,1146.00
1738.00,1151.00
1735.00,1156.00
1732.00,1160.00
1730.00,1165.00
1727.00,1169.00
1725.00,1174.00
1722.00,1178.00
1720.00,1183.00
1717.00,1187.00
1715.00,1192.00
1712.00,1196.00
1710.00,1200.00
1707.00,1205.00
1704.00,1209.00
1702.00,1214.00
1699.00,1218.00
1696.00,1222.00
1693.00,1227.00
1691.00,1231.00
1688.00,1235.00
1685.00,1240.00
1682.00,1244.00
1679.00,1248.00
1676.00,1253.00
1673.00,1256.00
1670.00,1260.00
1668.00,1264.00
1665.00,1267.00
1663.00,1270.00
1660.00,1273.00
1658.00,1275.00
1656.00,1277.00
1655.00,1279.00
1653.00,1281.00
1652.00,1282.00
1651.00,1283.00
1650.00,1284.00
1650.00,1285.00
1650.00,1286.00
1649.00,1287.00
1649.00,1288.00
1649.00,1288.00
1649.00,1289.00
1649.00,1289.00
1650.00,1289.00
1650.00,1289.00
--- stroke 4  t=8967  guess=（没到识别那一步）
1975.00,823.00
1974.00,822.00
1973.00,822.00
1972.00,822.00
1971.00,822.00
1970.00,822.00
1969.00,822.00
1968.00,823.00
1967.00,823.00
1966.00,824.00
1965.00,825.00
1963.00,826.00
1962.00,828.00
1960.00,830.00
1959.00,832.00
1957.00,834.00
1955.00,837.00
1953.00,840.00
1951.00,843.00
1949.00,846.00
1947.00,850.00
1945.00,853.00
1943.00,857.00
1941.00,861.00
1938.00,864.00
1936.00,868.00
1933.00,871.00
1931.00,875.00
1929.00,878.00
1927.00,882.00
1925.00,885.00
1923.00,888.00
1921.00,891.00
1919.00,895.00
1918.00,898.00
1916.00,901.00
1914.00,904.00
1913.00,908.00
1911.00,911.00
1910.00,915.00
1908.00,919.00
1907.00,923.00
1905.00,928.00
1903.00,932.00
1902.00,937.00
1900.00,943.00
1899.00,948.00
1897.00,953.00
1896.00,958.00
1895.00,963.00
1894.00,968.00
1892.00,973.00
1891.00,977.00
1891.00,982.00
1890.00,986.00
1889.00,991.00
1889.00,995.00
1889.00,1000.00
1888.00,1004.00
1888.00,1009.00
1888.00,1014.00
1889.00,1018.00
1889.00,1023.00
1889.00,1028.00
1889.00,1033.00
1890.00,1038.00
1890.00,1042.00
1890.00,1047.00
1891.00,1052.00
1891.00,1056.00
1892.00,1060.00
1893.00,1065.00
1894.00,1069.00
1895.00,1073.00
1896.00,1078.00
1897.00,1082.00
1898.00,1087.00
1899.00,1091.00
1901.00,1096.00
1903.00,1101.00
1904.00,1105.00
1906.00,1110.00
1908.00,1114.00
1909.00,1119.00
1911.00,1123.00
1913.00,1127.00
1915.00,1130.00
1917.00,1134.00
1919.00,1137.00
1921.00,1140.00
1923.00,1144.00
1924.00,1147.00
1926.00,1150.00
1928.00,1153.00
1930.00,1157.00
1932.00,1160.00
1934.00,1163.00
1936.00,1166.00
1938.00,1168.00
1940.00,1171.00
1942.00,1173.00
1944.00,1176.00
1946.00,1178.00
1949.00,1181.00
1951.00,1184.00
1954.00,1187.00
1956.00,1189.00
1959.00,1192.00
1962.00,1195.00
1965.00,1198.00
1968.00,1201.00
1971.00,1203.00
1974.00,1205.00
1977.00,1207.00
1980.00,1209.00
1983.00,1211.00
1985.00,1213.00
1988.00,1215.00
1991.00,1216.00
1994.00,1218.00
1996.00,1220.00
1999.00,1222.00
2002.00,1224.00
2004.00,1227.00
2007.00,1229.00
2010.00,1231.00
2012.00,1233.00
2015.00,1235.00
2017.00,1238.00
2020.00,1240.00
2023.00,1242.00
2025.00,1244.00
2028.00,1246.00
2030.00,1248.00
2032.00,1249.00
2034.00,1251.00
2037.00,1253.00
2039.00,1255.00
2041.00,1257.00
2044.00,1259.00
2046.00,1261.00
2048.00,1263.00
2051.00,1265.00
2054.00,1267.00
2056.00,1269.00
2059.00,1270.00
2061.00,1272.00
2064.00,1274.00
2066.00,1275.00
2068.00,1277.00
2070.00,1278.00
2072.00,1280.00
2074.00,1282.00
2076.00,1284.00
2078.00,1285.00
2080.00,1287.00
2081.00,1288.00
2083.00,1289.00
2084.00,1289.00
2084.00,1290.00
2084.00,1290.00
2084.00,1289.00
2084.00,1289.00
2083.00,1287.00
2081.00,1285.00
2079.00,1283.00
--- stroke 5  t=11434  guess=（没到识别那一步）
903.00,1512.00
903.00,1511.00
903.00,1511.00
902.00,1510.00
902.00,1510.00
902.00,1510.00
902.00,1510.00
902.00,1510.00
902.00,1510.00
902.00,1510.00
902.00,1510.00
903.00,1510.00
904.00,1511.00
905.00,1511.00
906.00,1512.00
908.00,1513.00
910.00,1515.00
912.00,1516.00
915.00,1518.00
917.00,1520.00
920.00,1521.00
923.00,1523.00
926.00,1526.00
929.00,1528.00
932.00,1530.00
934.00,1533.00
937.00,1535.00
940.00,1538.00
942.00,1541.00
945.00,1543.00
948.00,1546.00
950.00,1549.00
953.00,1551.00
955.00,1554.00
957.00,1557.00
960.00,1561.00
962.00,1564.00
965.00,1567.00
967.00,1570.00
969.00,1573.00
972.00,1576.00
974.00,1579.00
976.00,1581.00
978.00,1584.00
980.00,1587.00
981.00,1590.00
983.00,1593.00
985.00,1596.00
986.00,1599.00
987.00,1602.00
988.00,1604.00
989.00,1607.00
990.00,1611.00
991.00,1614.00
992.00,1618.00
992.00,1621.00
993.00,1625.00
993.00,1628.00
993.00,1632.00
994.00,1636.00
994.00,1639.00
995.00,1643.00
995.00,1647.00
995.00,1651.00
996.00,1655.00
996.00,1659.00
997.00,1664.00
997.00,1668.00
997.00,1672.00
997.00,1675.00
997.00,1679.00
997.00,1682.00
997.00,1685.00
997.00,1688.00
996.00,1691.00
996.00,1694.00
995.00,1698.00
994.00,1701.00
993.00,1705.00
993.00,1709.00
992.00,1713.00
990.00,1717.00
989.00,1722.00
987.00,1726.00
986.00,1731.00
984.00,1735.00
982.00,1740.00
979.00,1745.00
977.00,1750.00
974.00,1755.00
972.00,1760.00
968.00,1765.00
965.00,1771.00
962.00,1777.00
958.00,1783.00
954.00,1789.00
950.00,1796.00
946.00,1803.00
942.00,1810.00
938.00,1817.00
934.00,1824.00
930.00,1831.00
926.00,1837.00
922.00,1844.00
918.00,1850.00
915.00,1856.00
911.00,1862.00
908.00,1867.00
905.00,1873.00
903.00,1877.00
900.00,1882.00
899.00,1886.00
897.00,1889.00
896.00,1892.00
895.00,1894.00
895.00,1895.00
895.00,1895.00
895.00,1895.00
895.00,1895.00
--- stroke 6  t=12715  guess=（没到识别那一步）
1232.00,1503.00
1232.00,1502.00
1231.00,1501.00
1231.00,1500.00
1230.00,1500.00
1230.00,1500.00
1229.00,1499.00
1228.00,1499.00
1227.00,1500.00
1225.00,1500.00
1224.00,1501.00
1222.00,1503.00
1220.00,1505.00
1217.00,1507.00
1215.00,1509.00
1213.00,1511.00
1211.00,1513.00
1208.00,1516.00
1206.00,1519.00
1204.00,1522.00
1202.00,1525.00
1200.00,1528.00
1197.00,1532.00
1195.00,1536.00
1193.00,1540.00
1190.00,1544.00
1188.00,1548.00
1185.00,1552.00
1182.00,1556.00
1180.00,1560.00
1177.00,1565.00
1175.00,1569.00
1172.00,1573.00
1170.00,1577.00
1168.00,1582.00
1166.00,1586.00
1164.00,1590.00
1162.00,1595.00
1160.00,1599.00
1158.00,1603.00
1157.00,1608.00
1155.00,1612.00
1154.00,1617.00
1152.00,1622.00
1151.00,1626.00
1149.00,1631.00
1148.00,1637.00
1147.00,1642.00
1145.00,1648.00
1144.00,1653.00
1143.00,1659.00
1142.00,1664.00
1141.00,1670.00
1140.00,1675.00
1140.00,1680.00
1139.00,1684.00
1139.00,1689.00
1139.00,1694.00
1139.00,1699.00
1139.00,1705.00
1140.00,1710.00
1140.00,1716.00
1141.00,1722.00
1141.00,1729.00
1142.00,1735.00
1143.00,1742.00
1144.00,1748.00
1145.00,1754.00
1147.00,1760.00
1148.00,1766.00
1150.00,1771.00
1152.00,1776.00
1154.00,1781.00
1157.00,1785.00
1159.00,1790.00
1162.00,1795.00
1164.00,1800.00
1167.00,1805.00
1171.00,1810.00
1174.00,1815.00
1177.00,1819.00
1180.00,1825.00
1184.00,1829.00
1187.00,1834.00
1190.00,1838.00
1194.00,1843.00
1197.00,1846.00
1200.00,1850.00
1204.00,1853.00
1207.00,1857.00
1211.00,1860.00
1215.00,1863.00
1219.00,1866.00
1223.00,1870.00
1226.00,1873.00
1230.00,1877.00
1234.00,1880.00
1238.00,1883.00
1242.00,1886.00
1246.00,1889.00
1250.00,1892.00
1254.00,1895.00
1258.00,1898.00
1262.00,1901.00
1266.00,1903.00
1269.00,1906.00
1273.00,1909.00
1277.00,1911.00
1280.00,1914.00
1283.00,1917.00
1286.00,1919.00
1289.00,1922.00
1291.00,1924.00
1293.00,1925.00
1294.00,1927.00
1295.00,1927.00
1296.00,1928.00
1296.00,1928.00
1296.00,1928.00
1295.00,1927.00
1294.00,1925.00
1292.00,1922.00
1289.00,1918.00
1286.00,1914.00
--- stroke 7  t=14100  guess=（没到识别那一步）
1696.00,1533.00
1696.00,1532.00
1695.00,1532.00
1695.00,1532.00
1695.00,1532.00
1695.00,1532.00
1696.00,1532.00
1697.00,1532.00
1698.00,1533.00
1700.00,1534.00
1702.00,1535.00
1704.00,1537.00
1707.00,1539.00
1709.00,1540.00
1713.00,1542.00
1716.00,1545.00
1720.00,1547.00
1723.00,1549.00
1727.00,1551.00
1730.00,1553.00
1734.00,1555.00
1738.00,1557.00
1741.00,1560.00
1745.00,1562.00
1749.00,1564.00
1753.00,1566.00
1756.00,1568.00
1760.00,1570.00
1763.00,1572.00
1767.00,1575.00
1770.00,1577.00
1773.00,1580.00
1776.00,1582.00
1778.00,1585.00
1781.00,1588.00
1784.00,1590.00
1786.00,1593.00
1789.00,1596.00
1791.00,1599.00
1794.00,1601.00
1797.00,1604.00
1799.00,1607.00
1802.00,1610.00
1804.00,1613.00
1807.00,1617.00
1809.00,1620.00
1812.00,1622.00
1814.00,1625.00
1816.00,1628.00
1818.00,1631.00
1820.00,1634.00
1822.00,1636.00
1824.00,1639.00
1825.00,1641.00
1827.00,1644.00
1829.00,1647.00
1831.00,1649.00
1832.00,1652.00
1834.00,1655.00
1835.00,1658.00
1837.00,1661.00
1839.00,1663.00
1840.00,1666.00
1842.00,1669.00
1844.00,1672.00
1845.00,1674.00
1846.00,1677.00
1848.00,1679.00
1849.00,1682.00
1850.00,1684.00
1851.00,1687.00
1852.00,1690.00
1853.00,1693.00
1854.00,1696.00
1855.00,1700.00
1855.00,1703.00
1856.00,1707.00
1856.00,1710.00
1856.00,1714.00
1856.00,1717.00
1856.00,1721.00
1856.00,1724.00
1856.00,1728.00
1856.00,1731.00
1855.00,1735.00
1855.00,1739.00
1854.00,1742.00
1854.00,1746.00
1853.00,1749.00
1852.00,1753.00
1852.00,1756.00
1851.00,1759.00
1850.00,1763.00
1849.00,1766.00
1848.00,1769.00
1846.00,1772.00
1844.00,1775.00
1842.00,1779.00
1840.00,1783.00
1837.00,1787.00
1834.00,1791.00
1831.00,1796.00
1828.00,1800.00
1824.00,1805.00
1820.00,1811.00
1816.00,1816.00
1812.00,1821.00
1807.00,1827.00
1803.00,1833.00
1798.00,1838.00
1794.00,1844.00
1789.00,1850.00
1785.00,1855.00
1780.00,1860.00
1775.00,1866.00
1770.00,1872.00
1765.00,1878.00
1760.00,1884.00
1754.00,1890.00
1748.00,1897.00
1742.00,1904.00
1736.00,1912.00
1730.00,1919.00
1723.00,1926.00
1717.00,1933.00
1711.00,1940.00
1706.00,1947.00
1701.00,1953.00
1696.00,1959.00
1692.00,1963.00
1688.00,1968.00
1685.00,1971.00
1683.00,1974.00
1681.00,1977.00
1679.00,1978.00
1678.00,1979.00
1677.00,1980.00
1676.00,1980.00
1675.00,1979.00
--- stroke 8  t=15617  guess=（没到识别那一步）
2074.00,1528.00
2073.00,1527.00
2072.00,1527.00
2070.00,1527.00
2068.00,1527.00
2066.00,1528.00
2064.00,1529.00
2061.00,1531.00
2057.00,1534.00
2054.00,1537.00
2049.00,1541.00
2045.00,1544.00
2041.00,1549.00
2036.00,1553.00
2031.00,1558.00
2026.00,1563.00
2021.00,1568.00
2016.00,1573.00
2012.00,1579.00
2007.00,1584.00
2002.00,1590.00
1998.00,1596.00
1994.00,1601.00
1990.00,1607.00
1987.00,1612.00
1984.00,1618.00
1981.00,1622.00
1979.00,1627.00
1976.00,1632.00
1974.00,1638.00
1972.00,1643.00
1970.00,1648.00
1968.00,1653.00
1966.00,1659.00
1964.00,1664.00
1963.00,1670.00
1961.00,1675.00
1959.00,1680.00
1958.00,1686.00
1956.00,1691.00
1955.00,1696.00
1954.00,1701.00
1953.00,1706.00
1952.00,1711.00
1951.00,1715.00
1951.00,1720.00
1950.00,1725.00
1950.00,1730.00
1949.00,1735.00
1949.00,1741.00
1949.00,1746.00
1950.00,1752.00
1950.00,1757.00
1951.00,1762.00
1951.00,1767.00
1952.00,1773.00
1953.00,1778.00
1954.00,1783.00
1955.00,1788.00
1956.00,1793.00
1958.00,1798.00
1959.00,1803.00
1961.00,1808.00
1963.00,1813.00
1965.00,1817.00
1968.00,1822.00
1971.00,1827.00
1974.00,1832.00
1977.00,1836.00
1981.00,1841.00
1984.00,1845.00
1988.00,1850.00
1992.00,1855.00
1996.00,1859.00
2000.00,1864.00
2004.00,1869.00
2008.00,1873.00
2012.00,1878.00
2016.00,1883.00
2020.00,1887.00
2025.00,1891.00
2030.00,1896.00
2034.00,1900.00
2039.00,1904.00
2045.00,1908.00
2050.00,1912.00
2056.00,1917.00
2062.00,1921.00
2068.00,1926.00
2074.00,1930.00
2080.00,1935.00
2086.00,1939.00
2092.00,1943.00
2098.00,1947.00
2104.00,1951.00
2109.00,1955.00
2115.00,1959.00
2120.00,1962.00
2126.00,1966.00
2131.00,1968.00
2136.00,1971.00
2140.00,1974.00
2145.00,1976.00
2149.00,1978.00
2153.00,1980.00
2157.00,1982.00
2160.00,1984.00
2163.00,1986.00
2166.00,1988.00
2168.00,1990.00
2170.00,1993.00
2172.00,1995.00
2174.00,1997.00
2175.00,2000.00
2176.00,2002.00
2177.00,2004.00
2178.00,2006.00
2179.00,2008.00
2179.00,2009.00
2180.00,2011.00
2181.00,2012.00
2182.00,2013.00
2182.00,2014.00
2183.00,2015.00
2183.00,2015.00
2184.00,2016.00
2184.00,2017.00
2184.00,2017.00
2184.00,2017.00
2184.00,2017.00
2184.00,2017.00
2184.00,2017.00
2184.00,2017.00
2184.00,2017.00
2184.00,2017.00
2184.00,2017.00
2184.00,2017.00
2184.00,2017.00
2184.00,2017.00
2184.00,2017.00
2184.00,2017.00
2184.00,2017.00
2184.00,2017.00
2184.00,2017.00
2184.00,2017.00
2184.00,2017.00
2184.00,2017.00
2184.00,2017.00
2184.00,2017.00
2184.00,2017.00
2184.00,2016.00
2183.00,2015.00
2182.00,2014.00
2180.00,2012.00
2178.00,2009.00
2176.00,2006.00
2173.00,2003.00
--- stroke 9  t=17750  guess=（没到识别那一步）
877.00,2107.00
877.00,2107.00
877.00,2107.00
878.00,2107.00
878.00,2107.00
879.00,2107.00
880.00,2108.00
882.00,2108.00
884.00,2109.00
886.00,2110.00
888.00,2112.00
890.00,2113.00
893.00,2116.00
896.00,2118.00
899.00,2121.00
903.00,2124.00
906.00,2128.00
909.00,2131.00
913.00,2134.00
916.00,2137.00
920.00,2140.00
924.00,2142.00
927.00,2144.00
931.00,2146.00
935.00,2148.00
939.00,2150.00
944.00,2152.00
948.00,2154.00
953.00,2156.00
957.00,2159.00
961.00,2161.00
966.00,2163.00
970.00,2166.00
973.00,2169.00
977.00,2172.00
980.00,2175.00
983.00,2179.00
986.00,2182.00
988.00,2185.00
991.00,2188.00
993.00,2192.00
995.00,2195.00
997.00,2198.00
1000.00,2201.00
1002.00,2204.00
1004.00,2208.00
1006.00,2211.00
1009.00,2214.00
1011.00,2218.00
1013.00,2221.00
1014.00,2225.00
1016.00,2229.00
1018.00,2232.00
1019.00,2236.00
1020.00,2241.00
1021.00,2245.00
1022.00,2250.00
1023.00,2255.00
1024.00,2260.00
1024.00,2266.00
1025.00,2271.00
1025.00,2276.00
1025.00,2282.00
1025.00,2287.00
1025.00,2292.00
1025.00,2298.00
1025.00,2303.00
1024.00,2308.00
1024.00,2313.00
1023.00,2318.00
1021.00,2322.00
1020.00,2328.00
1017.00,2333.00
1015.00,2339.00
1012.00,2345.00
1008.00,2352.00
1005.00,2358.00
1001.00,2365.00
997.00,2372.00
993.00,2379.00
988.00,2387.00
983.00,2394.00
978.00,2402.00
973.00,2410.00
968.00,2418.00
963.00,2426.00
958.00,2434.00
952.00,2443.00
947.00,2451.00
942.00,2460.00
937.00,2469.00
931.00,2477.00
927.00,2485.00
922.00,2492.00
918.00,2499.00
914.00,2505.00
910.00,2510.00
908.00,2515.00
905.00,2519.00
903.00,2522.00
901.00,2525.00
900.00,2527.00
899.00,2528.00
899.00,2528.00
899.00,2528.00
--- stroke 10  t=19001  guess=（没到识别那一步）
1272.00,2089.00
1271.00,2089.00
1270.00,2088.00
1269.00,2088.00
1267.00,2088.00
1266.00,2088.00
1265.00,2088.00
1263.00,2088.00
1261.00,2089.00
1258.00,2090.00
1255.00,2092.00
1252.00,2094.00
1249.00,2096.00
1245.00,2098.00
1241.00,2101.00
1237.00,2104.00
1233.00,2107.00
1228.00,2110.00
1224.00,2114.00
1219.00,2117.00
1214.00,2122.00
1210.00,2126.00
1205.00,2131.00
1201.00,2136.00
1196.00,2141.00
1192.00,2146.00
1188.00,2151.00
1184.00,2156.00
1180.00,2160.00
1177.00,2165.00
1174.00,2170.00
1171.00,2175.00
1169.00,2180.00
1166.00,2185.00
1164.00,2190.00
1161.00,2196.00
1159.00,2201.00
1156.00,2207.00
1154.00,2213.00
1152.00,2219.00
1149.00,2225.00
1147.00,2230.00
1145.00,2236.00
1142.00,2242.00
1140.00,2247.00
1138.00,2253.00
1136.00,2259.00
1134.00,2264.00
1133.00,2269.00
1131.00,2274.00
1131.00,2279.00
1130.00,2283.00
1130.00,2287.00
1130.00,2292.00
1131.00,2296.00
1131.00,2300.00
1132.00,2304.00
1133.00,2309.00
1134.00,2313.00
1136.00,2318.00
1137.00,2323.00
1139.00,2328.00
1140.00,2333.00
1142.00,2338.00
1144.00,2343.00
1146.00,2349.00
1148.00,2354.00
1150.00,2360.00
1153.00,2365.00
1155.00,2371.00
1158.00,2376.00
1161.00,2382.00
1164.00,2388.00
1168.00,2393.00
1171.00,2398.00
1174.00,2403.00
1178.00,2408.00
1182.00,2413.00
1186.00,2417.00
1189.00,2421.00
1193.00,2425.00
1197.00,2429.00
1202.00,2432.00
1206.00,2436.00
1210.00,2439.00
1215.00,2443.00
1220.00,2446.00
1225.00,2450.00
1230.00,2453.00
1236.00,2457.00
1241.00,2461.00
1246.00,2464.00
1252.00,2468.00
1257.00,2472.00
1262.00,2476.00
1267.00,2480.00
1272.00,2483.00
1276.00,2486.00
1279.00,2489.00
1283.00,2491.00
1286.00,2493.00
1288.00,2495.00
1290.00,2496.00
1291.00,2497.00
1292.00,2498.00
1293.00,2498.00
1293.00,2498.00
1293.00,2498.00
1293.00,2498.00
1292.00,2497.00
1291.00,2495.00
--- stroke 11  t=20516  guess=（没到识别那一步）
1803.00,2094.00
1803.00,2094.00
1803.00,2094.00
1803.00,2094.00
1803.00,2094.00
1803.00,2094.00
1803.00,2094.00
1804.00,2093.00
1804.00,2093.00
1805.00,2093.00
1806.00,2093.00
1808.00,2094.00
1810.00,2094.00
1812.00,2095.00
1814.00,2096.00
1817.00,2097.00
1821.00,2098.00
1824.00,2100.00
1829.00,2101.00
1833.00,2103.00
1837.00,2105.00
1842.00,2107.00
1846.00,2109.00
1851.00,2111.00
1855.00,2113.00
1859.00,2115.00
1863.00,2117.00
1867.00,2120.00
1871.00,2122.00
1875.00,2125.00
1878.00,2128.00
1882.00,2131.00
1886.00,2134.00
1889.00,2137.00
1892.00,2141.00
1895.00,2144.00
1898.00,2147.00
1901.00,2150.00
1904.00,2153.00
1907.00,2156.00
1910.00,2158.00
1913.00,2161.00
1915.00,2164.00
1918.00,2166.00
1921.00,2169.00
1924.00,2172.00
1927.00,2175.00
1930.00,2178.00
1932.00,2182.00
1935.00,2185.00
1938.00,2188.00
1940.00,2192.00
1942.00,2195.00
1944.00,2199.00
1946.00,2202.00
1948.00,2205.00
1950.00,2209.00
1951.00,2212.00
1953.00,2215.00
1955.00,2217.00
1956.00,2220.00
1957.00,2223.00
1959.00,2226.00
1960.00,2228.00
1961.00,2231.00
1962.00,2233.00
1962.00,2236.00
1963.00,2239.00
1964.00,2243.00
1964.00,2246.00
1964.00,2250.00
1965.00,2254.00
1965.00,2258.00
1966.00,2262.00
1966.00,2266.00
1967.00,2270.00
1967.00,2274.00
1967.00,2278.00
1968.00,2282.00
1968.00,2285.00
1968.00,2288.00
1969.00,2292.00
1969.00,2295.00
1969.00,2299.00
1969.00,2302.00
1968.00,2306.00
1967.00,2310.00
1967.00,2314.00
1966.00,2319.00
1965.00,2323.00
1963.00,2327.00
1962.00,2332.00
1961.00,2337.00
1959.00,2341.00
1958.00,2346.00
1957.00,2351.00
1955.00,2356.00
1953.00,2361.00
1952.00,2365.00
1950.00,2370.00
1948.00,2375.00
1946.00,2379.00
1944.00,2384.00
1941.00,2389.00
1938.00,2394.00
1935.00,2400.00
1931.00,2406.00
1927.00,2413.00
1923.00,2420.00
1918.00,2427.00
1913.00,2435.00
1907.00,2443.00
1902.00,2451.00
1896.00,2459.00
1889.00,2467.00
1883.00,2475.00
1876.00,2483.00
1870.00,2491.00
1864.00,2499.00
1858.00,2507.00
1852.00,2515.00
1846.00,2522.00
1841.00,2528.00
1836.00,2534.00
1832.00,2539.00
1828.00,2544.00
1825.00,2548.00
1823.00,2551.00
1821.00,2553.00
1820.00,2554.00
1820.00,2555.00
1820.00,2554.00
1820.00,2552.00
--- stroke 12  t=21683  guess=（没到识别那一步）
2154.00,2093.00
2152.00,2094.00
2150.00,2095.00
2148.00,2096.00
2145.00,2097.00
2142.00,2100.00
2139.00,2103.00
2135.00,2106.00
2132.00,2110.00
2128.00,2114.00
2124.00,2118.00
2119.00,2123.00
2115.00,2127.00
2110.00,2132.00
2105.00,2137.00
2101.00,2141.00
2096.00,2146.00
2092.00,2150.00
2089.00,2154.00
2085.00,2158.00
2082.00,2162.00
2079.00,2166.00
2077.00,2170.00
2074.00,2175.00
2072.00,2179.00
2070.00,2184.00
2067.00,2189.00
2065.00,2194.00
2063.00,2198.00
2061.00,2203.00
2059.00,2208.00
2057.00,2213.00
2055.00,2218.00
2053.00,2223.00
2051.00,2228.00
2050.00,2233.00
2048.00,2237.00
2047.00,2242.00
2046.00,2246.00
2045.00,2250.00
2044.00,2255.00
2044.00,2260.00
2043.00,2264.00
2043.00,2269.00
2042.00,2275.00
2042.00,2280.00
2042.00,2285.00
2042.00,2290.00
2042.00,2295.00
2042.00,2301.00
2042.00,2306.00
2043.00,2311.00
2043.00,2316.00
2044.00,2322.00
2045.00,2327.00
2046.00,2333.00
2047.00,2338.00
2048.00,2344.00
2050.00,2350.00
2051.00,2356.00
2053.00,2362.00
2055.00,2367.00
2057.00,2373.00
2059.00,2378.00
2062.00,2383.00
2064.00,2388.00
2067.00,2393.00
2070.00,2398.00
2073.00,2402.00
2076.00,2407.00
2080.00,2411.00
2083.00,2416.00
2087.00,2421.00
2092.00,2426.00
2096.00,2431.00
2101.00,2437.00
2105.00,2443.00
2110.00,2449.00
2115.00,2455.00
2120.00,2461.00
2125.00,2467.00
2131.00,2472.00
2137.00,2477.00
2143.00,2482.00
2149.00,2486.00
2156.00,2491.00
2163.00,2496.00
2170.00,2501.00
2178.00,2506.00
2186.00,2511.00
2194.00,2517.00
2201.00,2522.00
2209.00,2527.00
2216.00,2532.00
2223.00,2536.00
2229.00,2540.00
2235.00,2544.00
2240.00,2547.00
2244.00,2549.00
2248.00,2551.00
2251.00,2553.00
2253.00,2554.00
2254.00,2554.00
2254.00,2554.00
2254.00,2553.00
2253.00,2552.00
--- stroke 13  t=23850  guess=（没到识别那一步）
789.00,2829.00
788.00,2827.00
787.00,2826.00
786.00,2824.00
785.00,2823.00
785.00,2823.00
784.00,2822.00
784.00,2822.00
784.00,2822.00
784.00,2822.00
784.00,2822.00
784.00,2822.00
784.00,2822.00
784.00,2822.00
784.00,2822.00
784.00,2824.00
785.00,2825.00
786.00,2828.00
788.00,2830.00
790.00,2833.00
792.00,2836.00
795.00,2839.00
797.00,2843.00
800.00,2846.00
803.00,2849.00
806.00,2852.00
809.00,2856.00
812.00,2859.00
816.00,2862.00
819.00,2866.00
823.00,2870.00
827.00,2874.00
831.00,2878.00
836.00,2883.00
840.00,2888.00
845.00,2892.00
849.00,2898.00
854.00,2903.00
859.00,2908.00
863.00,2914.00
868.00,2919.00
872.00,2925.00
877.00,2930.00
881.00,2936.00
885.00,2941.00
889.00,2946.00
892.00,2951.00
896.00,2955.00
900.00,2960.00
903.00,2964.00
907.00,2967.00
911.00,2971.00
915.00,2974.00
919.00,2978.00
922.00,2981.00
926.00,2984.00
930.00,2987.00
934.00,2989.00
938.00,2992.00
943.00,2994.00
948.00,2996.00
953.00,2998.00
957.00,3000.00
963.00,3001.00
968.00,3003.00
973.00,3004.00
979.00,3005.00
984.00,3006.00
990.00,3007.00
996.00,3007.00
1002.00,3008.00
1008.00,3008.00
1014.00,3007.00
1021.00,3007.00
1027.00,3005.00
1033.00,3004.00
1039.00,3002.00
1046.00,3000.00
1052.00,2998.00
1058.00,2996.00
1064.00,2993.00
1070.00,2991.00
1076.00,2988.00
1083.00,2985.00
1089.00,2982.00
1096.00,2978.00
1102.00,2975.00
1108.00,2970.00
1115.00,2966.00
1122.00,2961.00
1128.00,2956.00
1135.00,2951.00
1142.00,2945.00
1148.00,2940.00
1155.00,2935.00
1161.00,2929.00
1168.00,2924.00
1174.00,2918.00
1181.00,2913.00
1187.00,2907.00
1193.00,2901.00
1199.00,2896.00
1205.00,2889.00
1211.00,2883.00
1217.00,2877.00
1223.00,2870.00
1228.00,2863.00
1234.00,2857.00
1239.00,2850.00
1244.00,2845.00
1248.00,2839.00
1253.00,2834.00
1257.00,2829.00
1261.00,2825.00
1264.00,2821.00
1267.00,2818.00
1270.00,2815.00
1272.00,2813.00
1274.00,2811.00
1276.00,2809.00
1278.00,2808.00
1280.00,2806.00
1282.00,2804.00
1284.00,2803.00
1286.00,2801.00
1288.00,2799.00
1290.00,2796.00
1292.00,2794.00
1294.00,2792.00
1295.00,2791.00
1296.00,2789.00
1297.00,2788.00
1298.00,2788.00
1298.00,2787.00
1299.00,2787.00
1299.00,2787.00
1299.00,2787.00
1299.00,2787.00
1298.00,2787.00
1297.00,2787.00
1296.00,2788.00
1295.00,2790.00
1292.00,2792.00
1290.00,2794.00
1288.00,2796.00
1286.00,2799.00
--- stroke 14  t=26001  guess=没认出来：直线:不够直（偏离 20.5%）；Triangle(距 1.38)：三角形：角点只有 0 个（要 3 个）；Line(距 1.42)：不够直（偏离 34.0% > 12%）；Ellipse(距 1.82)：只画了 31° 的弧；Parallelogram(距 1.82)：矩形框贴不住（最远 37 > 容差 36）；平行四边形：角点只有 0 个（要 4 个）；二次函数:弯得不够（二次只比直线好 0.9 倍 < 4）；正余弦:正余弦：只画了 0.78 个周期（< 0.90）——至少要一个完整周期才认
789.00,3387.00
787.00,3389.00
786.00,3390.00
786.00,3390.00
785.00,3390.00
785.00,3390.00
785.00,3390.00
786.00,3390.00
786.00,3389.00
787.00,3388.00
788.00,3387.00
789.00,3385.00
790.00,3383.00
791.00,3382.00
792.00,3380.00
793.00,3378.00
795.00,3376.00
797.00,3373.00
799.00,3370.00
801.00,3366.00
804.00,3362.00
807.00,3357.00
811.00,3352.00
814.00,3346.00
818.00,3341.00
823.00,3335.00
827.00,3329.00
831.00,3324.00
836.00,3318.00
840.00,3312.00
845.00,3307.00
850.00,3301.00
855.00,3295.00
860.00,3290.00
866.00,3284.00
871.00,3278.00
877.00,3273.00
883.00,3267.00
888.00,3262.00
893.00,3257.00
899.00,3252.00
904.00,3247.00
909.00,3243.00
915.00,3238.00
920.00,3234.00
925.00,3230.00
930.00,3225.00
935.00,3221.00
940.00,3218.00
944.00,3214.00
949.00,3210.00
954.00,3206.00
959.00,3203.00
964.00,3199.00
969.00,3196.00
974.00,3193.00
979.00,3190.00
984.00,3187.00
989.00,3184.00
994.00,3181.00
999.00,3179.00
1004.00,3176.00
1010.00,3174.00
1015.00,3171.00
1020.00,3169.00
1025.00,3167.00
1030.00,3166.00
1034.00,3164.00
1039.00,3163.00
1043.00,3163.00
1047.00,3162.00
1052.00,3162.00
1056.00,3162.00
1060.00,3162.00
1064.00,3162.00
1069.00,3162.00
1073.00,3163.00
1077.00,3163.00
1082.00,3164.00
1087.00,3165.00
1092.00,3166.00
1097.00,3167.00
1103.00,3169.00
1108.00,3170.00
1114.00,3172.00
1119.00,3174.00
1125.00,3176.00
1131.00,3178.00
1137.00,3180.00
1143.00,3182.00
1149.00,3184.00
1155.00,3186.00
1162.00,3188.00
1169.00,3190.00
1176.00,3193.00
1183.00,3195.00
1190.00,3198.00
1198.00,3201.00
1205.00,3204.00
1213.00,3208.00
1221.00,3212.00
1229.00,3216.00
1238.00,3220.00
1246.00,3224.00
1254.00,3228.00
1261.00,3231.00
1269.00,3235.00
1276.00,3239.00
1283.00,3243.00
1289.00,3247.00
1295.00,3251.00
1301.00,3255.00
1307.00,3260.00
1312.00,3264.00
1317.00,3269.00
1322.00,3273.00
1326.00,3277.00
1331.00,3281.00
1335.00,3285.00
1339.00,3288.00
1343.00,3292.00
1347.00,3296.00
1351.00,3301.00
1355.00,3305.00
1359.00,3309.00
1363.00,3313.00
1366.00,3317.00
1370.00,3321.00
1373.00,3324.00
1375.00,3327.00
1378.00,3330.00
1381.00,3332.00
1383.00,3334.00
1385.00,3336.00
1387.00,3337.00
1388.00,3339.00
1390.00,3340.00
1391.00,3341.00
1392.00,3342.00
1393.00,3343.00
1394.00,3344.00
1395.00,3344.00
1396.00,3345.00
1397.00,3346.00
1397.00,3346.00
1398.00,3347.00
1398.00,3347.00
1398.00,3347.00
1398.00,3347.00
1398.00,3347.00
1398.00,3347.00
1398.00,3347.00
1398.00,3347.00
1398.00,3347.00
1398.00,3347.00
1398.00,3347.00
1398.00,3347.00
1398.00,3347.00
1398.00,3347.00
1398.00,3347.00
1398.00,3347.00
1398.00,3347.00
1398.00,3347.00
1398.00,3347.00
1398.00,3347.00
1398.00,3347.00
1398.00,3347.00
1398.00,3347.00
1398.00,3347.00
1398.00,3347.00
1398.00,3347.00
1398.00,3347.00
1398.00,3347.00
1398.00,3347.00
1398.00,3347.00
1398.00,3347.00
1398.00,3347.00
1398.00,3347.00
1398.00,3347.00
1398.00,3347.00
1399.00,3347.00
1399.00,3347.00
1399.00,3347.00
1399.00,3347.00
1399.00,3347.00
1399.00,3347.00
1399.00,3347.00
1399.00,3347.00
1399.00,3347.00
1399.00,3347.00
1399.00,3347.00
1399.00,3347.00
1399.00,3347.00
1399.00,3347.00
1399.00,3347.00
1399.00,3347.00
1399.00,3347.00
1399.00,3347.00
1399.00,3347.00
1399.00,3347.00
1399.00,3347.00
1399.00,3347.00
1399.00,3347.00
1399.00,3347.00
1399.00,3347.00
1399.00,3347.00
1399.00,3347.00
1399.00,3347.00
1399.00,3347.00
1399.00,3347.00
1399.00,3347.00
1399.00,3347.00
1399.00,3347.00
1399.00,3347.00
1399.00,3347.00
1399.00,3347.00
1399.00,3347.00
1399.00,3347.00
1399.00,3347.00
1399.00,3347.00
1399.00,3347.00
1399.00,3347.00
1399.00,3347.00
1399.00,3347.00
1399.00,3347.00
1399.00,3347.00
1399.00,3347.00
1399.00,3347.00
1399.00,3347.00
1399.00,3347.00
1399.00,3347.00
1399.00,3347.00
1399.00,3347.00
1399.00,3347.00
1399.00,3347.00
1399.00,3347.00
1399.00,3347.00
1399.00,3347.00
1399.00,3347.00
1399.00,3347.00
1399.00,3347.00
1399.00,3347.00
1399.00,3347.00
1399.00,3347.00
1399.00,3347.00
1399.00,3347.00
1399.00,3347.00
1399.00,3347.00
1399.00,3347.00
1399.00,3347.00
1399.00,3347.00
1399.00,3347.00
1399.00,3347.00
1399.00,3347.00
1399.00,3347.00
1399.00,3347.00
1399.00,3347.00
1399.00,3347.00
1399.00,3347.00
1399.00,3347.00
1399.00,3347.00
1399.00,3347.00
1399.00,3348.00
1399.00,3348.00
1399.00,3348.00
1399.00,3348.00
1399.00,3348.00
1399.00,3348.00
1399.00,3348.00
1399.00,3348.00
1399.00,3348.00
1399.00,3348.00
1399.00,3348.00
1399.00,3348.00
1399.00,3348.00
1399.00,3348.00
1399.00,3348.00
1399.00,3348.00
1398.00,3347.00
--- stroke 15  t=27332  guess=（没到识别那一步）
1700.00,2802.00
1698.00,2802.00
1697.00,2801.00
1696.00,2801.00
1696.00,2800.00
1696.00,2800.00
1696.00,2800.00
1696.00,2801.00
1697.00,2803.00
1698.00,2805.00
1699.00,2807.00
1700.00,2810.00
1702.00,2813.00
1704.00,2817.00
1706.00,2820.00
1708.00,2824.00
1711.00,2828.00
1714.00,2832.00
1717.00,2836.00
1721.00,2841.00
1724.00,2846.00
1727.00,2850.00
1731.00,2856.00
1735.00,2861.00
1738.00,2866.00
1743.00,2872.00
1747.00,2878.00
1752.00,2883.00
1757.00,2890.00
1762.00,2896.00
1767.00,2902.00
1772.00,2908.00
1778.00,2914.00
1783.00,2920.00
1789.00,2926.00
1795.00,2931.00
1800.00,2937.00
1806.00,2942.00
1812.00,2947.00
1817.00,2953.00
1823.00,2958.00
1829.00,2963.00
1836.00,2968.00
1842.00,2972.00
1848.00,2977.00
1854.00,2981.00
1861.00,2985.00
1867.00,2989.00
1873.00,2993.00
1879.00,2997.00
1885.00,3000.00
1891.00,3003.00
1897.00,3005.00
1903.00,3008.00
1909.00,3009.00
1915.00,3011.00
1921.00,3013.00
1927.00,3014.00
1934.00,3015.00
1940.00,3016.00
1946.00,3016.00
1953.00,3016.00
1960.00,3016.00
1967.00,3015.00
1975.00,3013.00
1982.00,3011.00
1990.00,3008.00
1998.00,3004.00
2006.00,3000.00
2015.00,2995.00
2023.00,2990.00
2032.00,2985.00
2041.00,2979.00
2050.00,2973.00
2059.00,2967.00
2069.00,2961.00
2078.00,2954.00
2088.00,2948.00
2097.00,2940.00
2107.00,2933.00
2116.00,2926.00
2125.00,2918.00
2134.00,2910.00
2143.00,2902.00
2152.00,2895.00
2160.00,2887.00
2169.00,2879.00
2176.00,2871.00
2184.00,2863.00
2191.00,2856.00
2197.00,2850.00
2203.00,2844.00
2208.00,2839.00
2212.00,2835.00
2216.00,2832.00
2219.00,2829.00
2221.00,2827.00
2223.00,2826.00
2224.00,2825.00
2225.00,2824.00
2225.00,2823.00
2225.00,2823.00
2225.00,2823.00
2225.00,2823.00
2225.00,2823.00
2225.00,2823.00
2225.00,2824.00
2224.00,2825.00
2223.00,2827.00
2221.00,2829.00
2218.00,2831.00
--- stroke 16  t=28584  guess=（没到识别那一步）
1744.00,3374.00
1745.00,3372.00
1746.00,3370.00
1746.00,3367.00
1747.00,3363.00
1749.00,3360.00
1750.00,3356.00
1752.00,3352.00
1755.00,3348.00
1757.00,3344.00
1760.00,3340.00
1762.00,3336.00
1765.00,3332.00
1767.00,3328.00
1770.00,3323.00
1772.00,3319.00
1774.00,3314.00
1777.00,3309.00
1780.00,3304.00
1782.00,3299.00
1785.00,3293.00
1788.00,3288.00
1791.00,3283.00
1794.00,3278.00
1798.00,3273.00
1801.00,3268.00
1804.00,3263.00
1807.00,3259.00
1810.00,3255.00
1813.00,3251.00
1816.00,3246.00
1819.00,3242.00
1823.00,3238.00
1826.00,3234.00
1829.00,3229.00
1833.00,3225.00
1836.00,3220.00
1840.00,3215.00
1844.00,3209.00
1848.00,3204.00
1852.00,3199.00
1857.00,3194.00
1861.00,3190.00
1866.00,3185.00
1870.00,3180.00
1875.00,3176.00
1881.00,3172.00
1886.00,3168.00
1891.00,3165.00
1897.00,3162.00
1902.00,3159.00
1908.00,3156.00
1914.00,3153.00
1920.00,3150.00
1926.00,3148.00
1933.00,3145.00
1939.00,3143.00
1946.00,3141.00
1952.00,3139.00
1959.00,3137.00
1966.00,3136.00
1973.00,3135.00
1980.00,3134.00
1987.00,3133.00
1994.00,3132.00
2001.00,3132.00
2008.00,3132.00
2014.00,3132.00
2021.00,3132.00
2028.00,3133.00
2034.00,3133.00
2041.00,3134.00
2048.00,3135.00
2055.00,3137.00
2062.00,3138.00
2070.00,3140.00
2077.00,3142.00
2084.00,3144.00
2092.00,3147.00
2099.00,3150.00
2107.00,3153.00
2115.00,3156.00
2122.00,3159.00
2129.00,3163.00
2137.00,3166.00
2144.00,3170.00
2151.00,3175.00
2158.00,3180.00
2166.00,3184.00
2173.00,3189.00
2180.00,3195.00
2187.00,3200.00
2194.00,3205.00
2201.00,3211.00
2209.00,3216.00
2216.00,3222.00
2224.00,3227.00
2232.00,3232.00
2239.00,3237.00
2247.00,3243.00
2254.00,3248.00
2261.00,3254.00
2268.00,3261.00
2275.00,3267.00
2281.00,3274.00
2287.00,3282.00
2292.00,3290.00
2297.00,3298.00
2301.00,3305.00
2305.00,3313.00
2309.00,3320.00
2312.00,3326.00
2314.00,3331.00
2317.00,3336.00
2318.00,3339.00
2320.00,3341.00
2322.00,3342.00
2323.00,3341.00
2324.00,3340.00
2324.00,3338.00
2324.00,3334.00
2324.00,3330.00
2324.00,3326.00
--- stroke 17  t=30333  guess=（没到识别那一步）
694.00,3654.00
694.00,3655.00
694.00,3656.00
694.00,3657.00
694.00,3658.00
695.00,3660.00
695.00,3661.00
696.00,3663.00
697.00,3664.00
698.00,3666.00
700.00,3667.00
702.00,3669.00
704.00,3671.00
706.00,3673.00
709.00,3674.00
712.00,3676.00
715.00,3678.00
719.00,3681.00
723.00,3684.00
727.00,3688.00
732.00,3693.00
737.00,3698.00
742.00,3704.00
747.00,3710.00
752.00,3717.00
758.00,3723.00
763.00,3729.00
768.00,3735.00
774.00,3741.00
779.00,3746.00
785.00,3750.00
791.00,3754.00
796.00,3757.00
802.00,3761.00
808.00,3763.00
813.00,3766.00
820.00,3768.00
826.00,3770.00
832.00,3772.00
839.00,3774.00
845.00,3777.00
852.00,3780.00
859.00,3783.00
866.00,3787.00
873.00,3791.00
880.00,3795.00
887.00,3799.00
894.00,3803.00
902.00,3807.00
909.00,3811.00
917.00,3814.00
924.00,3816.00
932.00,3818.00
940.00,3819.00
948.00,3819.00
957.00,3819.00
965.00,3819.00
973.00,3818.00
981.00,3816.00
990.00,3815.00
998.00,3813.00
1006.00,3810.00
1014.00,3808.00
1023.00,3805.00
1031.00,3802.00
1040.00,3798.00
1049.00,3795.00
1058.00,3791.00
1066.00,3787.00
1075.00,3783.00
1085.00,3778.00
1094.00,3773.00
1104.00,3768.00
1114.00,3762.00
1124.00,3756.00
1134.00,3750.00
1144.00,3742.00
1154.00,3735.00
1165.00,3727.00
1175.00,3719.00
1184.00,3711.00
1194.00,3703.00
1203.00,3695.00
1212.00,3688.00
1221.00,3681.00
1229.00,3674.00
1237.00,3668.00
1244.00,3662.00
1251.00,3656.00
1258.00,3651.00
1264.00,3646.00
1269.00,3641.00
1274.00,3637.00
1278.00,3634.00
1281.00,3631.00
1284.00,3629.00
1286.00,3628.00
1287.00,3627.00
1288.00,3626.00
1288.00,3626.00
1288.00,3626.00
1288.00,3626.00
1288.00,3626.00
1287.00,3627.00
1285.00,3629.00
1283.00,3631.00
1281.00,3634.00
1278.00,3636.00
1275.00,3638.00
--- stroke 18  t=31701  guess=（没到识别那一步）
664.00,4162.00
663.00,4163.00
662.00,4163.00
661.00,4163.00
661.00,4163.00
661.00,4163.00
661.00,4163.00
661.00,4163.00
661.00,4162.00
662.00,4161.00
663.00,4159.00
664.00,4156.00
666.00,4154.00
668.00,4150.00
670.00,4146.00
673.00,4141.00
676.00,4136.00
680.00,4130.00
685.00,4124.00
691.00,4117.00
696.00,4110.00
703.00,4103.00
709.00,4096.00
716.00,4088.00
723.00,4080.00
729.00,4073.00
736.00,4065.00
743.00,4058.00
750.00,4052.00
756.00,4045.00
762.00,4039.00
768.00,4033.00
774.00,4028.00
779.00,4022.00
784.00,4018.00
789.00,4013.00
794.00,4009.00
798.00,4005.00
802.00,4001.00
806.00,3997.00
810.00,3994.00
813.00,3990.00
817.00,3987.00
821.00,3984.00
825.00,3981.00
829.00,3978.00
834.00,3975.00
838.00,3972.00
843.00,3968.00
848.00,3965.00
852.00,3962.00
857.00,3959.00
863.00,3956.00
868.00,3953.00
873.00,3950.00
878.00,3947.00
883.00,3944.00
888.00,3942.00
893.00,3939.00
898.00,3937.00
903.00,3935.00
908.00,3934.00
914.00,3932.00
919.00,3931.00
924.00,3930.00
929.00,3929.00
934.00,3928.00
939.00,3928.00
944.00,3927.00
949.00,3927.00
954.00,3926.00
958.00,3926.00
964.00,3926.00
969.00,3926.00
974.00,3925.00
979.00,3925.00
985.00,3925.00
991.00,3925.00
997.00,3925.00
1003.00,3926.00
1009.00,3926.00
1016.00,3927.00
1022.00,3928.00
1029.00,3930.00
1036.00,3932.00
1044.00,3934.00
1051.00,3937.00
1058.00,3939.00
1065.00,3942.00
1073.00,3945.00
1080.00,3948.00
1088.00,3952.00
1096.00,3955.00
1103.00,3958.00
1111.00,3961.00
1119.00,3965.00
1126.00,3968.00
1134.00,3971.00
1141.00,3975.00
1148.00,3978.00
1155.00,3982.00
1163.00,3986.00
1170.00,3990.00
1178.00,3994.00
1185.00,3999.00
1193.00,4003.00
1201.00,4008.00
1209.00,4013.00
1217.00,4017.00
1226.00,4022.00
1234.00,4027.00
1242.00,4032.00
1250.00,4037.00
1258.00,4042.00
1266.00,4046.00
1274.00,4051.00
1282.00,4055.00
1290.00,4060.00
1297.00,4065.00
1305.00,4069.00
1312.00,4075.00
1319.00,4080.00
1326.00,4085.00
1332.00,4090.00
1337.00,4095.00
1343.00,4099.00
1347.00,4103.00
1351.00,4106.00
1355.00,4109.00
1358.00,4112.00
1360.00,4114.00
1363.00,4116.00
1364.00,4118.00
1366.00,4119.00
1367.00,4120.00
1368.00,4121.00
1368.00,4121.00
1368.00,4121.00
1368.00,4121.00
1368.00,4121.00
1367.00,4119.00
1366.00,4117.00
1364.00,4114.00
--- stroke 19  t=33119  guess=（没到识别那一步）
1726.00,3673.00
1725.00,3673.00
1724.00,3673.00
1724.00,3673.00
1724.00,3673.00
1724.00,3673.00
1725.00,3675.00
1726.00,3676.00
1727.00,3678.00
1729.00,3679.00
1731.00,3682.00
1734.00,3684.00
1737.00,3686.00
1741.00,3689.00
1745.00,3692.00
1750.00,3695.00
1755.00,3698.00
1761.00,3702.00
1766.00,3705.00
1772.00,3710.00
1778.00,3714.00
1784.00,3720.00
1791.00,3726.00
1797.00,3732.00
1804.00,3738.00
1810.00,3744.00
1816.00,3749.00
1823.00,3755.00
1829.00,3759.00
1836.00,3764.00
1843.00,3769.00
1849.00,3773.00
1856.00,3777.00
1863.00,3782.00
1870.00,3786.00
1877.00,3790.00
1885.00,3795.00
1892.00,3799.00
1899.00,3803.00
1906.00,3807.00
1913.00,3811.00
1921.00,3815.00
1927.00,3819.00
1934.00,3823.00
1941.00,3826.00
1948.00,3830.00
1954.00,3833.00
1961.00,3837.00
1968.00,3840.00
1975.00,3843.00
1983.00,3846.00
1990.00,3849.00
1998.00,3851.00
2006.00,3854.00
2014.00,3856.00
2022.00,3858.00
2030.00,3860.00
2038.00,3862.00
2046.00,3863.00
2054.00,3864.00
2062.00,3865.00
2071.00,3865.00
2079.00,3865.00
2088.00,3865.00
2096.00,3865.00
2105.00,3865.00
2114.00,3864.00
2123.00,3863.00
2132.00,3862.00
2142.00,3860.00
2151.00,3858.00
2160.00,3856.00
2170.00,3854.00
2180.00,3851.00
2189.00,3848.00
2199.00,3844.00
2209.00,3840.00
2219.00,3834.00
2229.00,3829.00
2240.00,3822.00
2251.00,3816.00
2261.00,3809.00
2272.00,3802.00
2283.00,3794.00
2293.00,3787.00
2303.00,3780.00
2314.00,3773.00
2323.00,3766.00
2332.00,3760.00
2341.00,3754.00
2349.00,3749.00
2356.00,3744.00
2363.00,3739.00
2370.00,3734.00
2375.00,3729.00
2381.00,3725.00
2386.00,3722.00
2390.00,3718.00
2394.00,3715.00
2398.00,3712.00
2401.00,3709.00
2405.00,3707.00
2407.00,3705.00
2410.00,3703.00
2413.00,3701.00
2415.00,3700.00
2417.00,3698.00
2419.00,3697.00
2421.00,3696.00
2422.00,3695.00
2423.00,3695.00
2423.00,3695.00
2422.00,3696.00
2420.00,3697.00
2417.00,3699.00
2414.00,3701.00
--- stroke 20  t=34335  guess=（没到识别那一步）
1816.00,4187.00
1815.00,4186.00
1815.00,4185.00
1815.00,4184.00
1815.00,4183.00
1815.00,4181.00
1816.00,4180.00
1817.00,4177.00
1818.00,4175.00
1819.00,4173.00
1820.00,4170.00
1822.00,4168.00
1824.00,4165.00
1826.00,4162.00
1829.00,4158.00
1831.00,4154.00
1834.00,4150.00
1838.00,4145.00
1842.00,4140.00
1846.00,4135.00
1851.00,4129.00
1856.00,4123.00
1861.00,4118.00
1866.00,4112.00
1872.00,4106.00
1878.00,4100.00
1884.00,4094.00
1889.00,4088.00
1895.00,4083.00
1900.00,4078.00
1905.00,4072.00
1911.00,4067.00
1916.00,4063.00
1921.00,4058.00
1926.00,4053.00
1931.00,4048.00
1936.00,4043.00
1941.00,4038.00
1945.00,4034.00
1950.00,4029.00
1955.00,4025.00
1960.00,4020.00
1965.00,4016.00
1970.00,4012.00
1975.00,4008.00
1980.00,4004.00
1986.00,4000.00
1991.00,3996.00
1997.00,3992.00
2003.00,3988.00
2009.00,3984.00
2015.00,3981.00
2021.00,3977.00
2027.00,3974.00
2033.00,3971.00
2039.00,3967.00
2045.00,3964.00
2051.00,3961.00
2057.00,3958.00
2063.00,3955.00
2069.00,3952.00
2075.00,3949.00
2081.00,3947.00
2087.00,3944.00
2093.00,3942.00
2099.00,3939.00
2105.00,3937.00
2111.00,3935.00
2117.00,3933.00
2123.00,3931.00
2129.00,3930.00
2135.00,3928.00
2141.00,3927.00
2148.00,3926.00
2155.00,3925.00
2161.00,3925.00
2169.00,3924.00
2176.00,3924.00
2183.00,3924.00
2191.00,3924.00
2199.00,3924.00
2207.00,3925.00
2215.00,3926.00
2224.00,3927.00
2233.00,3928.00
2242.00,3930.00
2251.00,3932.00
2260.00,3934.00
2269.00,3936.00
2279.00,3939.00
2289.00,3941.00
2298.00,3944.00
2308.00,3947.00
2318.00,3951.00
2328.00,3955.00
2338.00,3960.00
2348.00,3966.00
2358.00,3972.00
2368.00,3979.00
2377.00,3987.00
2386.00,3996.00
2395.00,4006.00
2404.00,4016.00
2412.00,4026.00
2420.00,4037.00
2427.00,4048.00
2434.00,4059.00
2441.00,4070.00
2448.00,4082.00
2455.00,4093.00
2461.00,4103.00
2466.00,4113.00
2472.00,4122.00
2477.00,4131.00
2482.00,4138.00
2486.00,4144.00
2490.00,4149.00
2493.00,4153.00
2495.00,4156.00
2496.00,4157.00
2497.00,4157.00
2498.00,4157.00
2499.00,4155.00
--- stroke 21  t=36218  guess=（没到识别那一步）
664.00,4423.00
665.00,4424.00
665.00,4425.00
666.00,4426.00
667.00,4428.00
668.00,4429.00
669.00,4431.00
671.00,4433.00
673.00,4435.00
675.00,4437.00
678.00,4439.00
682.00,4441.00
686.00,4444.00
690.00,4446.00
695.00,4449.00
700.00,4452.00
705.00,4455.00
710.00,4459.00
716.00,4462.00
722.00,4466.00
728.00,4469.00
735.00,4473.00
742.00,4477.00
749.00,4481.00
756.00,4484.00
763.00,4488.00
771.00,4492.00
778.00,4495.00
786.00,4499.00
794.00,4503.00
801.00,4507.00
808.00,4511.00
816.00,4514.00
823.00,4518.00
831.00,4521.00
838.00,4524.00
845.00,4527.00
852.00,4530.00
859.00,4532.00
866.00,4535.00
873.00,4536.00
880.00,4538.00
887.00,4540.00
894.00,4541.00
901.00,4542.00
908.00,4543.00
916.00,4543.00
923.00,4543.00
931.00,4543.00
939.00,4541.00
947.00,4540.00
956.00,4537.00
964.00,4534.00
973.00,4530.00
981.00,4525.00
991.00,4520.00
1000.00,4514.00
1009.00,4507.00
1019.00,4500.00
1029.00,4492.00
1038.00,4485.00
1048.00,4477.00
1057.00,4470.00
1066.00,4463.00
1075.00,4455.00
1083.00,4448.00
1092.00,4441.00
1100.00,4435.00
1108.00,4428.00
1117.00,4421.00
1124.00,4414.00
1132.00,4407.00
1140.00,4400.00
1147.00,4393.00
1153.00,4386.00
1160.00,4379.00
1166.00,4372.00
1172.00,4365.00
1177.00,4359.00
1182.00,4353.00
1187.00,4347.00
1192.00,4342.00
1197.00,4336.00
1202.00,4331.00
1207.00,4326.00
1212.00,4322.00
1216.00,4317.00
1221.00,4314.00
1225.00,4310.00
1228.00,4308.00
1232.00,4305.00
1235.00,4303.00
1238.00,4302.00
1241.00,4300.00
1243.00,4299.00
1244.00,4299.00
1245.00,4299.00
1245.00,4300.00
1244.00,4302.00
1243.00,4304.00
1240.00,4308.00
1236.00,4312.00
1232.00,4316.00
--- stroke 22  t=37369  guess=（没到识别那一步）
683.00,4840.00
682.00,4840.00
682.00,4840.00
681.00,4839.00
682.00,4839.00
682.00,4838.00
683.00,4836.00
684.00,4834.00
686.00,4832.00
688.00,4829.00
691.00,4826.00
694.00,4822.00
697.00,4819.00
701.00,4814.00
705.00,4809.00
709.00,4803.00
714.00,4797.00
720.00,4790.00
725.00,4784.00
731.00,4777.00
738.00,4771.00
744.00,4764.00
750.00,4758.00
757.00,4752.00
763.00,4746.00
769.00,4740.00
775.00,4735.00
781.00,4730.00
786.00,4725.00
792.00,4720.00
797.00,4715.00
802.00,4711.00
806.00,4707.00
811.00,4702.00
816.00,4698.00
820.00,4694.00
825.00,4689.00
830.00,4685.00
835.00,4681.00
840.00,4677.00
845.00,4673.00
850.00,4669.00
856.00,4665.00
861.00,4662.00
866.00,4659.00
872.00,4656.00
877.00,4654.00
883.00,4651.00
888.00,4649.00
893.00,4647.00
898.00,4645.00
903.00,4643.00
909.00,4641.00
914.00,4639.00
920.00,4638.00
925.00,4636.00
930.00,4634.00
935.00,4633.00
941.00,4631.00
946.00,4630.00
951.00,4629.00
957.00,4629.00
962.00,4628.00
967.00,4628.00
972.00,4628.00
977.00,4629.00
983.00,4631.00
988.00,4632.00
993.00,4635.00
999.00,4638.00
1005.00,4641.00
1011.00,4644.00
1017.00,4648.00
1023.00,4652.00
1029.00,4656.00
1035.00,4661.00
1042.00,4667.00
1048.00,4674.00
1055.00,4680.00
1061.00,4687.00
1068.00,4694.00
1074.00,4701.00
1081.00,4708.00
1087.00,4716.00
1094.00,4723.00
1100.00,4731.00
1107.00,4739.00
1113.00,4747.00
1119.00,4755.00
1125.00,4763.00
1131.00,4771.00
1137.00,4778.00
1143.00,4785.00
1149.00,4792.00
1154.00,4799.00
1160.00,4806.00
1166.00,4812.00
1172.00,4819.00
1178.00,4825.00
1183.00,4832.00
1189.00,4838.00
1194.00,4845.00
1199.00,4851.00
1204.00,4857.00
1208.00,4864.00
1212.00,4870.00
1215.00,4876.00
1218.00,4882.00
1221.00,4887.00
1222.00,4891.00
1223.00,4894.00
1224.00,4897.00
1224.00,4898.00
1224.00,4899.00
1223.00,4900.00
1221.00,4900.00
1219.00,4899.00
1217.00,4897.00
--- stroke 23  t=38717  guess=（没到识别那一步）
1842.00,4428.00
1842.00,4428.00
1842.00,4428.00
1843.00,4428.00
1844.00,4428.00
1845.00,4429.00
1846.00,4430.00
1848.00,4432.00
1850.00,4434.00
1852.00,4436.00
1855.00,4438.00
1857.00,4440.00
1861.00,4443.00
1864.00,4446.00
1868.00,4449.00
1872.00,4452.00
1877.00,4456.00
1882.00,4461.00
1887.00,4465.00
1892.00,4470.00
1898.00,4475.00
1904.00,4479.00
1910.00,4484.00
1916.00,4489.00
1922.00,4493.00
1929.00,4498.00
1935.00,4502.00
1941.00,4506.00
1947.00,4510.00
1954.00,4514.00
1960.00,4519.00
1966.00,4523.00
1973.00,4527.00
1979.00,4532.00
1986.00,4536.00
1993.00,4541.00
1999.00,4545.00
2007.00,4550.00
2013.00,4554.00
2021.00,4558.00
2028.00,4562.00
2035.00,4566.00
2042.00,4569.00
2049.00,4572.00
2057.00,4574.00
2065.00,4576.00
2073.00,4578.00
2081.00,4579.00
2089.00,4580.00
2097.00,4580.00
2106.00,4579.00
2115.00,4579.00
2124.00,4577.00
2133.00,4576.00
2143.00,4574.00
2153.00,4571.00
2163.00,4569.00
2173.00,4565.00
2183.00,4562.00
2194.00,4557.00
2205.00,4553.00
2216.00,4547.00
2227.00,4541.00
2239.00,4534.00
2251.00,4527.00
2263.00,4519.00
2276.00,4511.00
2288.00,4502.00
2301.00,4493.00
2313.00,4483.00
2325.00,4474.00
2337.00,4464.00
2349.00,4453.00
2360.00,4444.00
2370.00,4434.00
2379.00,4426.00
2387.00,4418.00
2394.00,4412.00
2399.00,4406.00
2403.00,4402.00
2406.00,4399.00
2408.00,4397.00
2410.00,4395.00
2410.00,4394.00
2411.00,4394.00
2411.00,4394.00
2411.00,4394.00
2411.00,4394.00
2411.00,4394.00
2411.00,4394.00
2411.00,4394.00
2411.00,4394.00
2409.00,4395.00
2408.00,4397.00
2406.00,4399.00
--- stroke 24  t=40233  guess=（没到识别那一步）
1815.00,4887.00
1814.00,4888.00
1813.00,4889.00
1813.00,4890.00
1812.00,4890.00
1812.00,4890.00
1812.00,4890.00
1813.00,4889.00
1813.00,4887.00
1814.00,4885.00
1815.00,4882.00
1816.00,4879.00
1818.00,4875.00
1819.00,4872.00
1821.00,4868.00
1823.00,4864.00
1826.00,4859.00
1829.00,4855.00
1832.00,4849.00
1836.00,4844.00
1840.00,4838.00
1845.00,4832.00
1849.00,4826.00
1854.00,4820.00
1859.00,4813.00
1864.00,4806.00
1870.00,4799.00
1875.00,4792.00
1881.00,4785.00
1886.00,4778.00
1892.00,4771.00
1897.00,4764.00
1903.00,4757.00
1908.00,4751.00
1914.00,4744.00
1919.00,4738.00
1925.00,4731.00
1930.00,4725.00
1935.00,4718.00
1941.00,4712.00
1945.00,4706.00
1950.00,4700.00
1955.00,4695.00
1960.00,4689.00
1965.00,4685.00
1970.00,4680.00
1974.00,4677.00
1979.00,4673.00
1984.00,4670.00
1989.00,4667.00
1994.00,4664.00
1999.00,4661.00
2005.00,4659.00
2011.00,4657.00
2016.00,4655.00
2022.00,4652.00
2028.00,4650.00
2034.00,4648.00
2040.00,4646.00
2046.00,4645.00
2053.00,4643.00
2059.00,4642.00
2065.00,4640.00
2072.00,4639.00
2078.00,4638.00
2084.00,4638.00
2091.00,4638.00
2097.00,4638.00
2104.00,4638.00
2110.00,4639.00
2117.00,4640.00
2124.00,4642.00
2130.00,4643.00
2137.00,4645.00
2144.00,4647.00
2151.00,4649.00
2158.00,4652.00
2166.00,4654.00
2173.00,4656.00
2181.00,4659.00
2189.00,4661.00
2196.00,4664.00
2204.00,4668.00
2212.00,4671.00
2220.00,4675.00
2228.00,4678.00
2236.00,4682.00
2244.00,4685.00
2252.00,4689.00
2260.00,4692.00
2269.00,4696.00
2278.00,4699.00
2286.00,4703.00
2295.00,4707.00
2304.00,4711.00
2312.00,4715.00
2320.00,4720.00
2329.00,4725.00
2336.00,4730.00
2344.00,4736.00
2351.00,4741.00
2358.00,4747.00
2365.00,4753.00
2372.00,4759.00
2378.00,4765.00
2385.00,4771.00
2390.00,4776.00
2396.00,4782.00
2401.00,4787.00
2406.00,4792.00
2411.00,4797.00
2416.00,4803.00
2420.00,4808.00
2424.00,4813.00
2428.00,4818.00
2432.00,4824.00
2436.00,4829.00
2440.00,4835.00
2444.00,4841.00
2448.00,4847.00
2451.00,4852.00
2454.00,4858.00
2457.00,4863.00
2460.00,4867.00
2462.00,4872.00
2465.00,4876.00
2467.00,4880.00
2469.00,4883.00
2470.00,4887.00
2472.00,4890.00
2474.00,4893.00
2476.00,4896.00
2477.00,4898.00
2479.00,4901.00
2480.00,4903.00
2481.00,4904.00
2481.00,4905.00
2482.00,4906.00
2482.00,4906.00
2482.00,4906.00
2482.00,4906.00
2482.00,4906.00
2482.00,4906.00
2482.00,4906.00
2482.00,4906.00
2482.00,4906.00
2482.00,4906.00
2482.00,4906.00
2482.00,4906.00
2482.00,4906.00
2482.00,4906.00
2481.00,4906.00
2481.00,4904.00
2479.00,4902.00
2478.00,4900.00
2477.00,4896.00
2475.00,4892.00
2472.00,4888.00
2469.00,4884.00
--- stroke 25  t=41902  guess=（没到识别那一步）
600.00,5130.00
600.00,5130.00
600.00,5129.00
600.00,5129.00
600.00,5129.00
600.00,5129.00
600.00,5130.00
601.00,5131.00
603.00,5133.00
604.00,5136.00
606.00,5138.00
609.00,5142.00
612.00,5146.00
615.00,5150.00
619.00,5155.00
623.00,5160.00
627.00,5165.00
632.00,5170.00
637.00,5175.00
642.00,5180.00
648.00,5185.00
654.00,5191.00
660.00,5196.00
666.00,5201.00
672.00,5206.00
678.00,5212.00
684.00,5217.00
691.00,5222.00
697.00,5227.00
704.00,5232.00
710.00,5236.00
717.00,5241.00
724.00,5247.00
731.00,5252.00
739.00,5257.00
747.00,5262.00
755.00,5266.00
763.00,5271.00
772.00,5275.00
780.00,5279.00
788.00,5283.00
797.00,5286.00
806.00,5289.00
814.00,5291.00
823.00,5293.00
832.00,5295.00
841.00,5296.00
850.00,5297.00
858.00,5297.00
867.00,5297.00
876.00,5296.00
884.00,5294.00
892.00,5292.00
901.00,5290.00
909.00,5286.00
917.00,5282.00
925.00,5278.00
934.00,5273.00
942.00,5268.00
950.00,5262.00
958.00,5257.00
967.00,5252.00
975.00,5247.00
982.00,5242.00
989.00,5238.00
996.00,5234.00
1003.00,5230.00
1009.00,5227.00
1015.00,5224.00
1020.00,5220.00
1026.00,5217.00
1031.00,5214.00
1036.00,5210.00
1042.00,5206.00
1048.00,5202.00
1054.00,5197.00
1060.00,5192.00
1066.00,5186.00
1073.00,5180.00
1080.00,5174.00
1087.00,5168.00
1094.00,5162.00
1100.00,5156.00
1107.00,5151.00
1113.00,5146.00
1118.00,5141.00
1123.00,5137.00
1128.00,5133.00
1132.00,5129.00
1135.00,5126.00
1138.00,5124.00
1139.00,5122.00
1141.00,5120.00
1142.00,5119.00
1142.00,5119.00
1142.00,5119.00
1142.00,5119.00
1142.00,5119.00
1142.00,5119.00
1142.00,5119.00
1141.00,5120.00
1139.00,5121.00
1138.00,5122.00
1136.00,5124.00
1134.00,5126.00
1132.00,5128.00
--- stroke 26  t=42987  guess=（没到识别那一步）
610.00,5590.00
610.00,5591.00
611.00,5592.00
611.00,5593.00
611.00,5593.00
612.00,5593.00
613.00,5593.00
615.00,5593.00
616.00,5592.00
618.00,5590.00
620.00,5588.00
623.00,5585.00
625.00,5582.00
628.00,5578.00
632.00,5574.00
635.00,5570.00
639.00,5564.00
643.00,5559.00
648.00,5553.00
654.00,5547.00
659.00,5540.00
665.00,5534.00
671.00,5528.00
678.00,5522.00
684.00,5515.00
691.00,5509.00
698.00,5503.00
705.00,5497.00
712.00,5491.00
718.00,5486.00
725.00,5480.00
732.00,5475.00
738.00,5470.00
745.00,5465.00
751.00,5460.00
758.00,5455.00
764.00,5450.00
771.00,5446.00
777.00,5442.00
783.00,5438.00
790.00,5435.00
796.00,5432.00
803.00,5428.00
809.00,5425.00
816.00,5422.00
822.00,5419.00
829.00,5416.00
836.00,5413.00
842.00,5411.00
849.00,5410.00
855.00,5408.00
861.00,5407.00
867.00,5407.00
874.00,5407.00
880.00,5408.00
886.00,5408.00
892.00,5409.00
897.00,5410.00
903.00,5411.00
909.00,5413.00
915.00,5414.00
921.00,5415.00
927.00,5417.00
933.00,5418.00
939.00,5420.00
945.00,5422.00
952.00,5424.00
958.00,5427.00
965.00,5429.00
972.00,5432.00
978.00,5435.00
985.00,5438.00
991.00,5442.00
998.00,5445.00
1005.00,5449.00
1012.00,5452.00
1018.00,5456.00
1025.00,5459.00
1031.00,5463.00
1038.00,5467.00
1044.00,5471.00
1050.00,5475.00
1057.00,5479.00
1063.00,5483.00
1068.00,5487.00
1074.00,5491.00
1080.00,5496.00
1086.00,5501.00
1093.00,5506.00
1099.00,5510.00
1105.00,5515.00
1111.00,5521.00
1117.00,5526.00
1124.00,5533.00
1130.00,5540.00
1137.00,5547.00
1143.00,5555.00
1149.00,5563.00
1155.00,5571.00
1160.00,5578.00
1164.00,5584.00
1168.00,5590.00
1171.00,5594.00
1174.00,5597.00
1176.00,5599.00
1177.00,5600.00
1178.00,5600.00
1178.00,5599.00
1178.00,5597.00
--- stroke 27  t=44749  guess=（没到识别那一步）
1715.00,5161.00
1715.00,5161.00
1715.00,5161.00
1715.00,5161.00
1715.00,5161.00
1715.00,5161.00
1715.00,5161.00
1715.00,5161.00
1715.00,5161.00
1715.00,5161.00
1716.00,5161.00
1717.00,5161.00
1718.00,5161.00
1719.00,5162.00
1721.00,5163.00
1723.00,5164.00
1725.00,5166.00
1728.00,5167.00
1730.00,5169.00
1733.00,5171.00
1736.00,5174.00
1740.00,5176.00
1743.00,5179.00
1747.00,5181.00
1751.00,5184.00
1755.00,5187.00
1759.00,5190.00
1763.00,5193.00
1767.00,5196.00
1771.00,5199.00
1775.00,5202.00
1780.00,5205.00
1785.00,5207.00
1790.00,5210.00
1795.00,5213.00
1801.00,5216.00
1806.00,5219.00
1812.00,5222.00
1817.00,5225.00
1823.00,5229.00
1828.00,5232.00
1834.00,5236.00
1839.00,5240.00
1844.00,5243.00
1849.00,5246.00
1854.00,5249.00
1859.00,5252.00
1863.00,5254.00
1868.00,5256.00
1872.00,5257.00
1877.00,5259.00
1882.00,5260.00
1886.00,5261.00
1891.00,5263.00
1896.00,5264.00
1900.00,5265.00
1905.00,5266.00
1909.00,5268.00
1914.00,5269.00
1919.00,5270.00
1924.00,5272.00
1929.00,5273.00
1934.00,5274.00
1939.00,5276.00
1944.00,5277.00
1950.00,5278.00
1955.00,5279.00
1961.00,5280.00
1966.00,5281.00
1972.00,5282.00
1977.00,5284.00
1982.00,5285.00
1988.00,5286.00
1993.00,5287.00
1997.00,5289.00
2002.00,5290.00
2007.00,5291.00
2012.00,5293.00
2017.00,5294.00
2022.00,5295.00
2027.00,5296.00
2032.00,5297.00
2037.00,5298.00
2042.00,5298.00
2047.00,5299.00
2052.00,5299.00
2058.00,5299.00
2063.00,5298.00
2069.00,5298.00
2074.00,5298.00
2080.00,5297.00
2085.00,5297.00
2091.00,5296.00
2096.00,5296.00
2102.00,5296.00
2108.00,5295.00
2113.00,5295.00
2119.00,5294.00
2125.00,5294.00
2130.00,5293.00
2136.00,5292.00
2142.00,5291.00
2148.00,5290.00
2154.00,5289.00
2160.00,5288.00
2167.00,5286.00
2173.00,5284.00
2180.00,5281.00
2187.00,5278.00
2194.00,5275.00
2202.00,5271.00
2209.00,5266.00
2217.00,5261.00
2225.00,5255.00
2233.00,5250.00
2241.00,5243.00
2249.00,5237.00
2257.00,5230.00
2265.00,5223.00
2273.00,5217.00
2281.00,5209.00
2288.00,5202.00
2295.00,5195.00
2302.00,5189.00
2309.00,5182.00
2316.00,5176.00
2322.00,5170.00
2328.00,5164.00
2333.00,5159.00
2339.00,5154.00
2344.00,5149.00
2349.00,5145.00
2354.00,5140.00
2358.00,5137.00
2363.00,5133.00
2367.00,5130.00
2370.00,5127.00
2374.00,5125.00
2376.00,5123.00
2378.00,5122.00
2380.00,5121.00
2380.00,5120.00
2381.00,5120.00
2381.00,5120.00
2381.00,5121.00
2380.00,5122.00
2379.00,5123.00
2377.00,5125.00
2375.00,5126.00
--- stroke 28  t=46834  guess=（没到识别那一步）
1781.00,5594.00
1781.00,5594.00
1781.00,5594.00
1781.00,5594.00
1781.00,5593.00
1782.00,5592.00
1784.00,5590.00
1786.00,5589.00
1788.00,5587.00
1790.00,5584.00
1793.00,5582.00
1796.00,5579.00
1799.00,5576.00
1803.00,5573.00
1806.00,5570.00
1811.00,5566.00
1815.00,5562.00
1820.00,5558.00
1825.00,5554.00
1830.00,5550.00
1835.00,5546.00
1841.00,5541.00
1846.00,5537.00
1851.00,5533.00
1856.00,5529.00
1861.00,5525.00
1866.00,5522.00
1871.00,5518.00
1876.00,5514.00
1881.00,5511.00
1886.00,5507.00
1891.00,5504.00
1896.00,5501.00
1900.00,5497.00
1905.00,5494.00
1909.00,5491.00
1913.00,5489.00
1918.00,5486.00
1922.00,5483.00
1926.00,5481.00
1931.00,5478.00
1935.00,5475.00
1939.00,5472.00
1943.00,5470.00
1947.00,5467.00
1952.00,5463.00
1956.00,5460.00
1960.00,5457.00
1965.00,5454.00
1969.00,5451.00
1974.00,5448.00
1978.00,5446.00
1982.00,5444.00
1986.00,5441.00
1990.00,5439.00
1994.00,5438.00
1998.00,5436.00
2002.00,5434.00
2005.00,5433.00
2009.00,5432.00
2012.00,5431.00
2015.00,5430.00
2019.00,5429.00
2022.00,5428.00
2025.00,5427.00
2028.00,5427.00
2031.00,5426.00
2035.00,5425.00
2038.00,5424.00
2042.00,5424.00
2046.00,5423.00
2050.00,5422.00
2054.00,5421.00
2058.00,5420.00
2062.00,5418.00
2067.00,5417.00
2071.00,5416.00
2075.00,5415.00
2079.00,5414.00
2083.00,5413.00
2087.00,5412.00
2090.00,5412.00
2094.00,5412.00
2098.00,5412.00
2102.00,5412.00
2105.00,5412.00
2109.00,5413.00
2113.00,5414.00
2117.00,5415.00
2121.00,5416.00
2125.00,5417.00
2130.00,5418.00
2134.00,5419.00
2139.00,5421.00
2143.00,5422.00
2148.00,5423.00
2152.00,5424.00
2157.00,5426.00
2161.00,5428.00
2166.00,5429.00
2171.00,5431.00
2175.00,5433.00
2180.00,5434.00
2184.00,5436.00
2189.00,5438.00
2193.00,5440.00
2197.00,5441.00
2202.00,5443.00
2206.00,5445.00
2210.00,5446.00
2213.00,5448.00
2217.00,5449.00
2221.00,5450.00
2224.00,5451.00
2228.00,5453.00
2231.00,5454.00
2235.00,5456.00
2239.00,5457.00
2243.00,5459.00
2247.00,5461.00
2251.00,5463.00
2255.00,5465.00
2259.00,5467.00
2263.00,5469.00
2268.00,5472.00
2272.00,5474.00
2277.00,5476.00
2281.00,5479.00
2286.00,5481.00
2290.00,5484.00
2294.00,5486.00
2298.00,5488.00
2302.00,5491.00
2306.00,5494.00
2310.00,5496.00
2314.00,5499.00
2317.00,5501.00
2321.00,5504.00
2325.00,5506.00
2329.00,5508.00
2333.00,5510.00
2336.00,5512.00
2340.00,5513.00
2343.00,5515.00
2347.00,5517.00
2350.00,5519.00
2353.00,5521.00
2356.00,5522.00
2360.00,5524.00
2363.00,5526.00
2366.00,5528.00
2369.00,5529.00
2372.00,5531.00
2375.00,5532.00
2377.00,5534.00
2379.00,5535.00
2381.00,5535.00
2382.00,5536.00
2383.00,5537.00
2384.00,5537.00
2385.00,5538.00
2385.00,5538.00
2386.00,5539.00
2387.00,5540.00
2388.00,5541.00
2388.00,5542.00
2389.00,5543.00
2390.00,5544.00
2390.00,5544.00
2391.00,5545.00
2391.00,5545.00
2391.00,5545.00
2391.00,5545.00
2391.00,5545.00
2391.00,5545.00
2391.00,5545.00
2391.00,5545.00
2391.00,5545.00
2391.00,5545.00
2391.00,5545.00
2391.00,5545.00
2392.00,5546.00
2392.00,5546.00
2393.00,5546.00
2393.00,5547.00
2394.00,5547.00
2394.00,5548.00
2395.00,5548.00
2395.00,5548.00
2395.00,5548.00
2395.00,5548.00
2395.00,5548.00
2395.00,5548.00
2395.00,5548.00
2395.00,5548.00
2395.00,5548.00
2396.00,5549.00
2396.00,5549.00
2396.00,5549.00
2396.00,5549.00
2396.00,5549.00
2396.00,5549.00
2396.00,5549.00
2396.00,5549.00
2397.00,5549.00
2397.00,5550.00
2397.00,5550.00
2397.00,5550.00
2398.00,5550.00
2398.00,5550.00
2398.00,5550.00
2398.00,5550.00
2399.00,5550.00
2399.00,5550.00
2399.00,5551.00
2400.00,5551.00
2400.00,5551.00
2401.00,5551.00
2401.00,5551.00
2401.00,5552.00
2402.00,5552.00
2402.00,5552.00
2402.00,5552.00
2403.00,5553.00
2403.00,5553.00
2404.00,5553.00
2404.00,5553.00
2405.00,5554.00
2405.00,5554.00
2405.00,5554.00
2406.00,5554.00
2406.00,5554.00
2406.00,5554.00
2406.00,5554.00
2406.00,5554.00
2406.00,5554.00
2406.00,5554.00
2406.00,5554.00
2406.00,5554.00
2407.00,5555.00
2407.00,5555.00
2408.00,5555.00
2408.00,5555.00
2409.00,5556.00
2409.00,5556.00
2410.00,5556.00
2411.00,5557.00
2412.00,5557.00
2412.00,5557.00
2413.00,5557.00
2414.00,5558.00
2414.00,5558.00
2415.00,5558.00
2416.00,5558.00
2417.00,5559.00
2417.00,5559.00
2418.00,5559.00
2419.00,5559.00
2419.00,5559.00
2419.00,5559.00
2419.00,5559.00
2419.00,5559.00
2419.00,5559.00
2420.00,5558.00
2420.00,5557.00
2420.00,5554.00
2419.00,5551.00
